100117701
100115201
100114501
100114001
100113201
100112401
100112001
100111101
100110101
100109601
100109401
100109201
100108401
100107801
100105701
100104701
100104501
100104601
100104301
100103401
100102601
100101501
100101301
100100901
100100701
100099801
100098801
100098901
100097301
100095401
100094901
100093001
100094401
100093501
100093301
100091501
100091101
100090601
100090001
100085501
100085801
100085201
100085301
100085401
100085101
100084801
100084301
100084201
100083301
100082501
100082101
100081901
100081501
100080901
100079601
100079901
100079201
100079101
100078501
100078401
100077001
100076701
100076501
100075401
100074001
100073401
100073301
100073201
100072201
100072001
100071001
100070901
100070801
100069901
100070001
100069101
100068401
100067701
100066601
100066301
100065501
100064501
100064801
100063801
100063601
100062901
100062401
100062001
100061801
100061901
100061401
100060801
100060601
100060501
100059901
100059201
100058801
100058401
100058001
100057701
100057401
100056701
100056401
100056201
100055801
100055601
100055001
100053901
100053801
100053601
100053301
100053201
100052801
100052601
100052401
100052201
100051901
100051801
100051201
100050701
100050201
100050101
100049401
100049101
100048401
100048201
100048001
100047701
100046901
100046801
100046401
100046301
100046201
100046101
100045801
100044601
100044301
100044201
100043901
100043001
100042601
100042501
100041701
100041101
100040501
100040201
100040001
100039701
100039001
100038501
100038001
100037701
100037301
100036701
100036601
100036501
100036401
100036001
100035801
100035501
100034901
100034501
100034201
100034101
100034001
100033601
100032701
100032301
100032201
100031801
100031401
100031101
100031001
100030701
100030501
100029601
100029501
100029201
100029001
100028901
100028301
100028001
100027801
100027701
100026901
100026801
100026001
100025901
100025301
100025201
100025001
100024701
100024601
100024501
100024001
100023901
100023701
100023501
100023401
100023201
100023001
100019601
100022301
100021701
100021601
100021201
100021101
100020901
100020801
100020301
100020201
100020001
100019701
100017501
100017301
100015201
100014401
100014301
100013101
100012101
100012001
100010301
100009801
100009701
100009601
100009301
100008801
100008701
100007201
100007101
100007001
100006701
100006601
100006501
100006201
100005701
100005101
100003901
100003401
100003101
100002601
100002401
100002201
100002101
100001901
100117801