100050701
100051201
100051801
100051901
100052201
100052401
100052601
100052801
100053201
100053301
100053601
100053801
100053901
100055001
100055601
100055801
100056201
100056401
100056701
100057401
100057701
100058001
100058401
100058801
100059201
100059901
100060501
100060601
100060801
100061401
100061901
100061801
100062001
100062401
100062901
100063601
100063801
100064501
100064801
100065501
100066301
100066601
100067701
100068401
100069101
100070001
100069901
100070801
100070901
100071001
100072001
100072201
100073201
100073301
100073401
100074001
100075401
100076501
100076701
100077001
100078401
100078501
100079101
100079201
100079901
100079601
100080901
100081501
100081901
100082101
100082501
100083301
100084201
100084301
100084801
100085101
100085401
100085301
100085201
100085801
100085501
100090001
100090601
100091101
100091501
100093301
100093501
100094401
100093001
100094901
100095401
100097301
100098901
100098801
100099801
100100701
100100901
100101301
100101501
100102601
100103401
100104301
100104601
100104501
100104701
100105701
100107801
100108401
100109201
100109401
100109601
100110101
100111101
100112001
100112401
100113201